9214
9292
9483
796
9582
9817
10536
10779
929
12189
13130
13883
17102
17717
18378
19510
20478
21268
21452
22036
22446
23626
24138
2069
25381
25385
2198
26519
26969
27191
29210
29458
29831
29937
30028
2637
31612
32096
254
33285
33288
34047
34906
35762
35775
3217
36229
38466
39052
39061
39896
41046
43634
43680
43830
44634
45774
45902
4169
47883
48012
48157
48167
48463
50289
54075
55752
56959
59178
5770
6470
6743
7660
8886
75996
77201
79929
79991
80155
80599
81849
82027
82173
82527
82926
83460
83983
83988
84511
85612
85782
86878
87009
64745
88489
88595
89246
89325
89615
89889
90188
90547
90872
91645
91929
93562
94924
95105
65370
95816
96527
96593
96881
97972
98311
99507
99650
99857
100000
100077
100569
100828
102298
104364
104845
105086
108581
109333
109337
111339
111432
111550
112043
113423
113480
113858
114232
114290
114930
115324
115438
116115
117022
117386
118926
119338
119373
119387
121428
135155
135205
120508
136688
137366
137464
138240
138768
139465
140824
122534
144757
145139
145519
145686
146025
146313
146992
148727
148868
148917
149106
149575
151557
152059
152177
152301
152990
153122
153201
154620
155066
155353
155474
124027
155864
157962
158824
159334
159730
160229
160707
160749
124959
161675
162608
164889
166935
167437
167608
125715
168734
169044
126004
172688
126217
126436
126894
127066
127731
128168
186078
186267
187164
188429
189038
190291
191573
192242
192312
192476
192886
193385
193780
194628
194995
195136
195420
196028
196389
197611
198335
198742
199474
199524
199569
200193
200284
200634
201444
201675
202680
204660
205869
206086
207421
208941
209012
210116
211764
213237
214417
216528
217126
218242
219045
220511
221631
221634
222604
223635
223816
223917
223951
223971
224405
224753
226694
226787
227595
228001
228241
228252
228299
228869
229144
229658
183395
184339
240188
241217
241597
230890
242794
242875
243110
243948
244147
244938
245666
246072
246134
246613
247049
247053
247142
247857
248502
248950
249713
250079
232978
251379
251450
252046
252253
252598
233293
253274
253688
254598
255904
256107
256254
257042
257863
258419
258524
258662
259298
259853
260823
260828
262247
262425
262788
263149
263747
263792
264542
264906
264948
265420
265732
265879
266162
266797
267440
268581
268598
269575
269953
270022
270376
273546
273663
276615
237051
237655
288120
288152
289059
290029
290782
291307
294339
295474
297017
297875
298098
300034
300042
301560
302295
302662
303938
305173
305387
306045
306902
307902
308366
308430
308605
309474
309963
311569
313001
313713
315012
282220
316294
316643
317413
318134
318592
319951
320519
321217
321463
321856
323638
323865
323879
324266
324590
324645
324943
325278
325421
325472
325552
325943
285119
286312
326103
335598
335675
336317
338949
339913
340180
341310
341943
342503
342668
343960
344198
344760
347651
350498
350645
350857
353956
354247
354587
354767
354797
356536
356574
357610
358327
358440
358976
359070
359575
360311
361315
364049
364749
329518
366531
367021
369791
371160
371984
331730
332641
326778
381870
382008
382066
383025
383095
383616
383628
373169
384111
373227
384614
373283
386605
388300
373653
388477
388655
389018
389077
389339
389388
389959
390196
374052
392986
393010
393025
393235
394990
374327
395513
396843
397545
374620
398457
398547
374668
398823
374743
399880
400265
403591
403849
403959
405804
406173
407234
407964
409328
409513
411469
375988
378145
378526
428066
428195
428233
429109
429667
430692
433467
434046
420078
434914
435381
436390
437217
420497
438879
440974
442145
442994
443126
420786
444007
444503
444805
445543
445596
420938
445885
446016
446657
421030
447194
447678
447760
447774
448386
421192
448557
449175
449701
450418
418863
421456
452136
452360
452427
452763
421669
418890
455848
457345
422578
461762
423456
425099
425309
419286
425394
425954
426068
426337
469334
469691
472035
475384
475972
476764
477114
477684
478027
478731
479851
480462
481490
482554
482572
483484
483507
484883
486810
487007
487144
487476
489602
490246
490623
490879
491178
491471
491668
491932
492174
492791
493910
494875
495099
496304
496326
497048
497161
464466
497821
498560
499094
499108
499480
500595
500731
500829
502053
502699
502735
503131
503357
503567
514492
514700
514958
515107
515884
516960
517671
517985
518032
518306
519183
521240
522172
522628
523074
523284
524499
524806
525020
525242
525286
526078
526213
528208
529857
529912
530016
530100
530202
532701
533976
534672
537585
537713
538329
538393
538735
538771
539118
539974
540904
541725
541823
541926
542695
543167
543387
504458
510583
559289
560406
561706
550690
562451
562454
563712
550925
564899
565405
549843
567564
567945
567965
567979
568119
551530
570629
570724
571024
571296
572014
572090
551974
573163
574206
574749
574767
575356
575551
576137
552347
577363
552372
552434
578135
552463
580793
552790
582025
553233
588153
588308
591823
554113
554784
555457
556758
556771
558005
602385
603615
604104
605128
605725
607563
608292
608358
609073
609357
609605
610221
610513
610755
610799
610818
610924
612673
612679
613545
613890
613978
614677
614759
594607
616182
616349
616362
592950
617182
617527
617608
617843
618214
619382
620385
620815
621014
622128
623882
624140
624752
625536
625864
595706
626695
627356
595888
595987
629306
629346
629585
630456
630561
631109
631410
632800
596601
633380
597207
597967
598357
598460
599010
599488
600301
600936
601340
601818
602105
648826
648968
649021
649260
651682
652183
652983
654032
654665
656528
658318
658561
660316
660593
660613
660973
662481
663497
663524
663907
664530
664955
641587
670617
674160
679869
679914
680401
642902
642910
681412
643554
643619
647633
647742
647980
691621
694777
695944
696704
696895
697315
697435
698728
698868
699018
701815
702107
702168
702710
702927
703296
703877
704453
704624
706519
706930
707321
707643
708479
709215
709338
709379
710697
711009
712558
712873
712944
682479
713315
682736
713818
714200
714393
714580
715142
717758
718265
718556
719880
720372
720619
720650
721680
682805
723045
723146
723158
723385
723646
723729
687093
687258
689814
690757
691032
733825
735457
736057
736828
738072
738873
739004
739100
739567
742826
743131
743751
745510
746096
746451
747137
748551
750085
750173
750999
751091
727225
754424
754474
754724
754979
755751
756199
756202
756334
756631
759670
759736
759820
762888
765417
729326
724772
724821
730954
731598
731707
725161
725183
733494
775102
777218
779068
766995
779473
779827
782552
767359
783268
783323
783637
784027
784470
785122
785301
785861
786922
788188
788632
788734
789099
768175
765892
790772
791081
765902
792257
792648
796803
797856
797948
801054
802052
802055
803429
769569
770065
770536
771043
771195
771491
771569
773120
773166
774613
818554
819302
809543
821039
809716
809722
822695
823365
824073
824153
824342
824900
826194
826280
826457
826940
810371
827693
827890
829302
829823
831737
831813
832781
833406
811122
835028
835124
836173
836677
836996
837451
837545
839557
811680
841344
841642
841855
842290
842532
843028
843285
843803
843863
812169
812455
847503
813445
809026
809031
816409
817077
817341
808515
817989
863790
863882
864929
865348
865721
866923
868547
869062
869960
870642
871378
871724
872045
873009
873380
873523
873593
873994
874644
875011
875497
876381
854357
854369
878386
878409
879077
880029
880333
880575
880644
880893
881468
854808
882091
882737
854977
883748
886339
886424
886523
886895
889174
892469
856391
856724
857280
860947
901898
901935
893655
892936
903087
903259
903774
904189
904214
904559
905184
907036
907235
907575
908039
908873
910642
913313
913357
914216
914708
914930
915352
915355
916205
916424
916431
916534
917789
917837
920781
922530
922655
923218
923677
923888
924422
925613
925698
926658
928338
929089
930029
931897
932505
932531
932760
932855
897874
897878
898544
898667
899209
900891
943122
943525
933333
934499
934523
946335
933347
949151
950237
951255
951817
935232
952400
953404
953453
954507
935620
956509
956555
956603
957526
958448
958815
959033
959329
960623
960847
960869
961188
961848
962063
962322
962328
962834
963172
933540
936587
965354
969686
970344
970714
971875
971915
972607
972783
973337
973739
939162
940359
940527
940536
941358
983479
984559
984769
985064
985541
985714
986586
986655
987010
987263
989391
989862
990056
991047
992140
992973
993001
993017
995053
996388
997347
997700
997960
974022
998144
998426
998507
999359
1005954
1008173
1008825
1010715
1014183
1014199
1015036
974300
978955
980634
981283
982516
982839
1024211
1024226
1025336
1025759
1025804
1026262
1026547
1026941
1027240
1028062
1028461
1028984
1029263
1031308
1031574
1032028
1032571
1033953
1034467
1034819
1035016
1035764
1035875
1036042
1037021
1037266
1037580
1039156
1039743
1040743
1040960
1041566
1041613
1041820
1042787
1042989
1045137
1045611
1045726
1046219
1047013
1047066
1047371
1047574
1047897
1048409
1048500
1049943
1050482
1050872
1050920
1051192
1052511
1018638
1020312
1021245
1022283
1022507
1022879
1023730
1023785
1066154
1066828
1067470
1068043
1068908
1069034
1056577
1070387
1071082
1071172
1071508
1073763
1073836
1074322
1075057
1077153
1077958
1078245
1078347
1078812
1078872
1079032
1079226
1079857
1079996
1080649
1083995
1084719
1084883
1085087
1085952
1087739
1087839
1088202
1088994
1089267
1089949
1090567
1091124
1091574
1091723
1091905
1093308
1094157
1094524
1095073
1095106
1095186
1095202
1096059
1096411
1097058
1062424
1063128
1063709
1064477
1057295
1065575
1097991
1107129
1108248
1109194
1109990
1111241
1111469
1112021
1113016
1113220
1113242
1113735
1114742
1098694
1115468
1116469
1117030
1117317
1117813
1098879
1118901
1099031
1120571
1120836
1122102
1122960
1124633
1125420
1125611
1125868
1127573
1127962
1129335
1129593
1130173
1131671
1132556
1132686
1133506
1134301
1134513
1134546
1135058
1100918
1101265
1101882
1102587
1097094
1103632
1146051
1148581
1149304
1149420
1149645
1150464
1150921
1151364
1151475
1152137
1152754
1152815
1152888
1153767
1154800
1154957
1155122
1155185
1155196
1155524
1155727
1155877
1156178
1156226
1158013
1158209
1158214
1158395
1158427
1158573
1159015
1159230
1160288
1162236
1162422
1162826
1162903
1162925
1163109
1163580
1164478
1165451
1165687
1169428
1169905
1171385
1171768
1172084
1172599
1173433
1173461
1139910
1142319
1136533
1144282
1183635
1184886
1185191
1175145
1185585
1175204
1186251
1175495
1189576
1189596
1189796
1189956
1190311
1190456
1190756
1191014
1191349
1191422
1192140
1192266
1192476
1192547
1192754
1193599
1195629
1196406
1196791
1198487
1198587
1198666
1199026
1199355
1199699
1199787
1201989
1202430
1176889
1202731
1203894
1204213
1204274
1207392
1174208
1177493
1208551
1210185
1177870
1178047
1178552
1178705
1178958
1179301
1179407
1180072
1180884
1181259
1183197
1221225
1221426
1222622
1223267
1223398
1223646
1225246
1226928
1227205
1227569
1228750
1229118
1230462
1235190
1236450
1238024
1238040
1239092
1239504
1239814
1215319
1242774
1242912
1243199
1245114
1245213
1245305
1245719
1245735
1246184
1246335
1246647
1247576
1248418
1248722
1249175
1249319
1249809
1249991
1250321
1217815
1219386
1213484
1220299
1260842
1260907
1261462
1263517
1263917
1264025
1265083
1267309
1267520
1267691
1268925
1269886
1270037
1270338
1270773
1271329
1273072
1273482
1274014
1274025
1274127
1274881
1276395
1278043
1280026
1280766
1281008
1286182
1290825
1256103
1258938
1259405
1259930
1301142
1292254
1302386
1303658
1304481
1305158
1305390
1306388
1307126
1307344
1307909
1309042
1312011
1312209
1312959
1313027
1313247
1293574
1313835
1314015
1314236
1314594
1314885
1315031
1315163
1293880
1316524
1317988
1318326
1294179
1318884
1319212
1319681
1294297
1320107
1320166
1321139
1294387
1321795
1323111
1295193
1329801
1329907
1291646
1295454
1295520
1295594
1296414
1296686
1297256
1298015
1299222
1292085
1300449
1341302
1342983
1343200
1330346
1344082
1344712
1345185
1346858
1346921
1347814
1331889
1348635
1349755
1350119
1350688
1351253
1351406
1352025
1352403
1352412
1353088
1353550
1332674
1354827
1357116
1357533
1333025
1358002
1330498
1358277
1359006
1362043
1362058
1362345
1362570
1362906
1333619
1363953
1363992
1365105
1365691
1365983
1366039
1366251
1366267
1367232
1369343
1369661
1369719
1369771
1370063
1334710
1334769
1335562
1336143
1330891
1338251
1379452
1380004
1382051
1383790
1384021
1384701
1390102
1390441
1390893
1391435
1391881
1392370
1392563
1393333
1394165
1394595
1394664
1395310
1395590
1398537
1399155
1399235
1400356
1401687
1402907
1402943
1403571
1403696
1404563
1405200
1406312
1406402
1406429
1406450
1406454
1406854
1407016
1407641
1376674
1376904
1378045
1370973
1417255
1418109
1409114
1419266
1419624
1419731
1420065
1421161
1421412
1422324
1409464
1409466
1423306
1409605
1409625
1425387
1425872
1426198
1426579
1409951
1408135
1427330
1427848
1410021
1428372
1429111
1429281
1429465
1431256
1431718
1434860
1410770
1435727
1436415
1437533
1438400
1438535
1411147
1438823
1439198
1411259
1411981
1412462
1413897
1416981
1452843
1453159
1453331
1453380
1445229
1455046
1455631
1455671
1455735
1457532
1457998
1458276
1458306
1458342
1460176
1460217
1461154
1463011
1463158
1463610
1464086
1464450
1464517
1464838
1467349
1467683
1467919
1446467
1469397
1470541
1471632
1472013
1472520
1473929
1476521
1476739
1477341
1477879
1478191
1478789
1479125
1479831
1452067
1490117
1490441
1491437
1480755
1491652
1492036
1492407
1493089
1493224
1494069
1494350
1494488
1495305
1495317
1495470
1495823
1496379
1496485
1498837
1499798
1499902
1500414
1501785
1502126
1481839
1504815
1504917
1506485
1508134
1508207
1510684
1510741
1511358
1482830
1482848
1482897
1513434
1483061
1515293
1484126
1484188
1485675
1480314
1486216
1486284
1486512
1486730
1487311
1488078
1488265
1488272
1488627
1528209
1529894
1518526
1518664
1533616
1534007
1536306
1536413
1537261
1537345
1537971
1539109
1540620
1542764
1543483
1544868
1546184
1520019
1546942
1547104
1547873
1548317
1548562
1550498
1550720
1551667
1552203
1552268
1552351
1553262
1523425
1517923
1523918
1524583
1524965
1525690
1563572
1563599
1563657
1563801
1565040
1565339
1567510
1567789
1555426
1569348
1569355
1570339
1570417
1570623
1571024
1571235
1572086
1572411
1572900
1573753
1574045
1574562
1574669
1575079
1575093
1575180
1576777
1578295
1580661
1584437
1585570
1585779
1557470
1590639
1558125
1558148
1558184
1558356
1558970
1561198
1561792
1554726
1562253
1563395
1600059
1600731
1592023
1603313
1603815
1603905
1604152
1604972
1605038
1605959
1606424
1606452
1606760
1608185
1608519
1592742
1608841
1609179
1609423
1610017
1610241
1610831
1611329
1611470
1612541
1613795
1613967
1614294
1614454
1614982
1614995
1615431
1619225
1622482
1623844
1594641
1595143
1595276
1596441
1596515
1591491
1591508
1596861
1597093
1597773
1598201
1598379
1598849
1599380
1635843
1635955
1636708
1636875
1626987
1627039
1640217
1627195
1640869
1627482
1643690
1627636
1644517
1646970
1627991
1647864
1648254
1649371
1650496
1650596
1652027
1652213
1625938
1625942
1654343
1655137
1628752
1656643
1657582
1658463
1659362
1629239
1661241
1662246
1629700
1630108
1630224
1630489
1631215
1626271
1631737
1626323
1626444
1633303
1633629
1634233
1634538
1626770
1673559
1674100
1674363
1674890
1675637
1676156
1676414
1676630
1677152
1678521
1678769
1679792
1679957
1684328
1684828
1685466
1686899
1687534
1688105
1688166
1688307
1688387
1688528
1688547
1690140
1690681
1690762
1691093
1691307
1691392
1665386
1662619
1667215
1667586
1667604
1670742
1670905
1671066
1707257
1707564
1708834
1711282
1712035
1712239
1712364
1712496
1713191
1713512
1715364
1715562
1715763
1715993
1716662
1717723
1717877
1719658
1719966
1720308
1720703
1721013
1721400
1722830
1724774
1726643
1727009
1702288
1703291
1703471
1704556
1704595
1704879
1740467
1749311
1749500
1750116
1751729
1753699
1755314
1768735
1769939
1759473
1771234
1759671
1759751
1774521
1774534
1774681
1774704
1760267
1780109
1780407
1781490
1783211
1784998
1785002
1786648
1788614
1788619
1788772
1788867
1789905
1761708
1762071
1762178
1762459
1762768
1758883
1764073
1764532
1764679
1764764
1765006
1765052
1766162
1766174
1799717
1799865
1800287
1801602
1791559
1802189
1802254
1802303
1804549
1805332
1807002
1810664
1810704
1812450
1814188
1817572
1818053
1818478
1818928
1819131
1819378
1820452
1795033
1796450
1797223
1797339
1798743
1830107
1830462
1831494
1832625
1832957
1833500
1835527
1836670
1838277
1822497
1842163
1845023
1823904
1824093
1824701
1825524
1821127
1821164
1826850
1826929
1821343
1828811
1829034
1856067
1856815
1857279
1857763
1858567
1858973
1859014
1862283
1862874
1863352
1847935
1864943
1866916
1868287
1846314
1846421
1851369
1854067
1854936
1881793
1882843
1872173
1883970
1884017
1884891
1871040
1888134
1888285
1890788
1873029
1891683
1892378
1892740
1892947
1893816
1894172
1894422
1895303
1895729
1875497
1878931
1871778
1906201
1906370
1907455
1908041
1908226
1908596
1909570
1910122
1911532
1911910
1912541
1913909
1914949
1915055
1916150
1916449
1916900
1917616
1918344
1918374
1900497
1902060
1929656
1929965
1930286
1930398
1932407
1933870
1933931
1934173
1936736
1937539
1938034
1938156
1938692
1938924
1939141
1939297
1939861
1940543
1941945
1923226
1924580
1925471
1926325
1927521
1953035
1953609
1942861
1944014
1944114
1957736
1960619
1960953
1944501
1945048
1945118
1945237
1945721
1946347
1947763
1949339
1949974
1965478
1968616
1968747
1970611
1970922
1971053
1971037
